0,A,1,142,608
0,A,2,153,628
0,A,3,164,648
0,A,4,174,668
0,A,5,183,688
0,A,6,192,708
0,A,7,199,728
0,A,8,207,748
0,A,9,213,768
0,A,10,219,788
0,A,11,224,808
0,A,12,228,828
0,A,13,232,848
0,A,14,235,868
0,A,15,237,888
0,A,16,239,908
0,A,17,240,928
0,A,18,241,948
0,A,19,241,1023
0,A,20,240,1043
0,A,21,239,1063
0,A,22,237,1083
0,A,23,235,1103
0,A,24,232,1123
0,A,25,228,1143
0,A,26,224,1163
0,A,27,219,1183
0,A,28,213,1203
0,A,29,207,1223
0,A,30,199,1243
0,A,31,192,1263
0,A,32,183,1283
0,A,33,174,1303
0,A,34,164,1323
0,A,35,153,1343
0,A,36,142,1363
0,B,1,170,588
0,B,2,182,608
0,B,3,193,628
0,B,4,204,648
0,B,5,214,668
0,B,6,223,688
0,B,7,232,708
0,B,8,239,728
0,B,9,247,748
0,B,10,253,768
0,B,11,259,788
0,B,12,264,808
0,B,13,268,828
0,B,14,272,848
0,B,15,275,868
0,B,16,277,888
0,B,17,279,908
0,B,18,280,928
0,B,19,281,948
0,B,20,281,1023
0,B,21,280,1043
0,B,22,279,1063
0,B,23,277,1083
0,B,24,275,1103
0,B,25,272,1123
0,B,26,268,1143
0,B,27,264,1163
0,B,28,259,1183
0,B,29,253,1203
0,B,30,247,1223
0,B,31,239,1243
0,B,32,232,1263
0,B,33,223,1283
0,B,34,214,1303
0,B,35,204,1323
0,B,36,193,1343
0,B,37,182,1363
0,B,38,170,1383
0,C,1,193,548
0,C,2,205,568
0,C,3,217,588
0,C,4,229,608
0,C,5,239,628
0,C,6,249,648
0,C,7,259,668
0,C,8,268,688
0,C,9,276,708
0,C,10,283,728
0,C,11,290,748
0,C,12,296,768
0,C,13,302,788
0,C,14,307,808
0,C,15,311,828
0,C,16,314,848
0,C,17,317,868
0,C,18,320,888
0,C,19,321,908
0,C,20,322,928
0,C,21,323,948
0,C,22,323,1023
0,C,23,322,1043
0,C,24,321,1063
0,C,25,320,1083
0,C,26,317,1103
0,C,27,314,1123
0,C,28,311,1143
0,C,29,307,1163
0,C,30,302,1183
0,C,31,296,1203
0,C,32,290,1223
0,C,33,283,1243
0,C,34,276,1263
0,C,35,268,1283
0,C,36,259,1303
0,C,37,249,1323
0,C,38,239,1343
0,C,39,229,1363
0,C,40,217,1383
0,C,41,205,1403
0,C,42,193,1423
0,D,1,241,548
0,D,2,252,568
0,D,3,264,588
0,D,4,274,608
0,D,5,284,628
0,D,6,294,648
0,D,7,303,668
0,D,8,311,688
0,D,9,319,708
0,D,10,326,728
0,D,11,332,748
0,D,12,338,768
0,D,13,343,788
0,D,14,348,808
0,D,15,352,828
0,D,16,355,848
0,D,17,358,868
0,D,18,360,888
0,D,19,361,908
0,D,20,362,928
0,D,21,363,948
0,D,22,363,1023
0,D,23,362,1043
0,D,24,361,1063
0,D,25,360,1083
0,D,26,358,1103
0,D,27,355,1123
0,D,28,352,1143
0,D,29,348,1163
0,D,30,343,1183
0,D,31,338,1203
0,D,32,332,1223
0,D,33,326,1243
0,D,34,319,1263
0,D,35,311,1283
0,D,36,303,1303
0,D,37,294,1323
0,D,38,284,1343
0,D,39,274,1363
0,D,40,264,1383
0,D,41,252,1403
0,D,42,241,1423
0,E,1,268,507
0,E,2,281,528
0,E,3,293,549
0,E,4,304,570
0,E,5,315,591
0,E,6,325,612
0,E,7,335,633
0,E,8,344,654
0,E,9,352,675
0,E,10,360,696
0,E,11,367,717
0,E,12,374,738
0,E,13,379,759
0,E,14,385,780
0,E,15,389,801
0,E,16,393,822
0,E,17,397,843
0,E,18,400,864
0,E,19,402,885
0,E,20,403,906
0,E,21,404,927
0,E,22,405,948
0,E,23,405,1023
0,E,24,404,1044
0,E,25,403,1065
0,E,26,402,1086
0,E,27,400,1107
0,E,28,397,1128
0,E,29,393,1149
0,E,30,389,1170
0,E,31,385,1191
0,E,32,379,1212
0,E,33,374,1233
0,E,34,367,1254
0,E,35,360,1275
0,E,36,352,1296
0,E,37,344,1317
0,E,38,335,1338
0,E,39,325,1359
0,E,40,315,1380
0,E,41,304,1401
0,E,42,293,1422
0,E,43,281,1443
0,E,44,268,1464
0,F,1,348,490
0,F,2,365,516
0,F,3,380,542
0,F,4,392,568
0,F,5,402,594
0,F,6,410,620
0,F,7,398,684
0,F,8,406,706
0,F,9,413,728
0,F,10,419,750
0,F,11,424,772
0,F,12,429,794
0,F,13,433,816
0,F,14,437,838
0,F,15,439,860
0,F,16,442,882
0,F,17,443,904
0,F,18,444,926
0,F,19,445,948
0,F,20,445,1023
0,F,21,444,1045
0,F,22,443,1067
0,F,23,442,1089
0,F,24,439,1111
0,F,25,437,1133
0,F,26,433,1155
0,F,27,429,1177
0,F,28,424,1199
0,F,29,419,1221
0,F,30,413,1243
0,F,31,406,1265
0,F,32,398,1287
0,F,33,410,1352
0,F,34,402,1378
0,F,35,392,1404
0,F,36,380,1430
0,F,37,365,1456
0,F,38,348,1482
0,G,1,432,675
0,G,2,440,696
0,G,3,448,717
0,G,4,455,738
0,G,5,461,759
0,G,6,466,780
0,G,7,471,801
0,G,8,475,822
0,G,9,479,843
0,G,10,481,864
0,G,11,484,885
0,G,12,485,906
0,G,13,486,927
0,G,14,487,948
0,G,15,487,1023
0,G,16,486,1044
0,G,17,485,1065
0,G,18,484,1086
0,G,19,481,1107
0,G,20,479,1128
0,G,21,475,1149
0,G,22,471,1170
0,G,23,466,1191
0,G,24,461,1212
0,G,25,455,1233
0,G,26,448,1254
0,G,27,440,1275
0,G,28,432,1296
0,H,1,471,662
0,H,2,479,684
0,H,3,487,706
0,H,4,494,728
0,H,5,500,750
0,H,6,505,772
0,H,7,510,794
0,H,8,514,816
0,H,9,518,838
0,H,10,520,860
0,H,11,523,882
0,H,12,524,904
0,H,13,525,926
0,H,14,526,948
0,H,15,526,1023
0,H,16,525,1045
0,H,17,524,1067
0,H,18,523,1089
0,H,19,520,1111
0,H,20,518,1133
0,H,21,514,1155
0,H,22,510,1177
0,H,23,505,1199
0,H,24,500,1221
0,H,25,494,1243
0,H,26,487,1265
0,H,27,479,1287
0,H,28,471,1309
0,I,1,431,465
0,I,2,443,486
0,I,3,454,507
0,I,4,465,528
0,I,5,475,549
0,I,6,484,570
0,I,7,493,591
0,I,8,502,612
0,I,9,510,633
0,I,10,518,654
0,I,11,525,675
0,I,12,531,696
0,I,13,537,717
0,I,14,543,738
0,I,15,547,759
0,I,16,552,780
0,I,17,556,801
0,I,18,559,822
0,I,19,562,843
0,I,20,564,864
0,I,21,566,885
0,I,22,567,906
0,I,23,568,927
0,I,24,569,948
0,I,25,569,1023
0,I,26,568,1044
0,I,27,567,1065
0,I,28,566,1086
0,I,29,564,1107
0,I,30,562,1128
0,I,31,559,1149
0,I,32,556,1170
0,I,33,552,1191
0,I,34,547,1212
0,I,35,543,1233
0,I,36,537,1254
0,I,37,531,1275
0,I,38,525,1296
0,I,39,518,1317
0,I,40,510,1338
0,I,41,502,1359
0,I,42,493,1380
0,I,43,484,1401
0,I,44,475,1422
0,I,45,465,1443
0,I,46,454,1464
0,I,47,443,1485
0,I,48,431,1506
0,J,1,467,444
0,J,2,477,462
0,J,3,487,480
0,J,4,496,498
0,J,5,505,516
0,J,6,513,534
0,J,7,521,552
0,J,8,529,570
0,J,9,537,588
0,J,10,544,606
0,J,11,550,624
0,J,12,556,642
0,J,13,562,660
0,J,14,568,678
0,J,15,573,696
0,J,16,578,714
0,J,17,583,732
0,J,18,587,750
0,J,19,591,768
0,J,20,594,786
0,J,21,597,804
0,J,22,600,822
0,J,23,602,840
0,J,24,604,858
0,J,25,606,876
0,J,26,607,894
0,J,27,608,912
0,J,28,608,930
0,J,29,609,948
0,J,30,609,1023
0,J,31,608,1041
0,J,32,608,1059
0,J,33,607,1077
0,J,34,606,1095
0,J,35,604,1113
0,J,36,602,1131
0,J,37,600,1149
0,J,38,597,1167
0,J,39,594,1185
0,J,40,591,1203
0,J,41,587,1221
0,J,42,583,1239
0,J,43,578,1257
0,J,44,573,1275
0,J,45,568,1293
0,J,46,562,1311
0,J,47,556,1329
0,J,48,550,1347
0,J,49,544,1365
0,J,50,537,1383
0,J,51,529,1401
0,J,52,521,1419
0,J,53,513,1437
0,J,54,505,1455
0,J,55,496,1473
0,J,56,487,1491
0,J,57,477,1509
0,J,58,467,1527
0,K,1,512,448
0,K,2,523,468
0,K,3,533,488
0,K,4,543,508
0,K,5,552,528
0,K,6,562,548
0,K,7,570,568
0,K,8,578,588
0,K,9,586,608
0,K,10,593,628
0,K,11,600,648
0,K,12,606,668
0,K,13,612,688
0,K,14,618,708
0,K,15,623,728
0,K,16,628,748
0,K,17,632,768
0,K,18,635,788
0,K,19,639,808
0,K,20,642,828
0,K,21,644,848
0,K,22,646,868
0,K,23,648,888
0,K,24,649,908
0,K,25,649,928
0,K,26,650,948
0,K,27,650,1023
0,K,28,649,1043
0,K,29,649,1063
0,K,30,648,1083
0,K,31,646,1103
0,K,32,644,1123
0,K,33,642,1143
0,K,34,639,1163
0,K,35,635,1183
0,K,36,632,1203
0,K,37,628,1223
0,K,38,623,1243
0,K,39,618,1263
0,K,40,612,1283
0,K,41,606,1303
0,K,42,600,1323
0,K,43,593,1343
0,K,44,586,1363
0,K,45,578,1383
0,K,46,570,1403
0,K,47,562,1423
0,K,48,552,1443
0,K,49,543,1463
0,K,50,533,1483
0,K,51,523,1503
0,K,52,512,1523
0,L,1,546,423
0,L,2,557,444
0,L,3,568,465
0,L,4,578,486
0,L,5,588,507
0,L,6,598,528
0,L,7,606,549
0,L,8,615,570
0,L,9,623,591
0,L,10,631,612
0,L,11,638,633
0,L,12,644,654
0,L,13,651,675
0,L,14,656,696
0,L,15,662,717
0,L,16,667,738
0,L,17,671,759
0,L,18,675,780
0,L,19,678,801
0,L,20,681,822
0,L,21,684,843
0,L,22,686,864
0,L,23,687,885
0,L,24,689,906
0,L,25,689,927
0,L,26,690,948
0,L,27,690,1023
0,L,28,689,1044
0,L,29,689,1065
0,L,30,687,1086
0,L,31,686,1107
0,L,32,684,1128
0,L,33,681,1149
0,L,34,678,1170
0,L,35,675,1191
0,L,36,671,1212
0,L,37,667,1233
0,L,38,662,1254
0,L,39,656,1275
0,L,40,651,1296
0,L,41,644,1317
0,L,42,638,1338
0,L,43,631,1359
0,L,44,623,1380
0,L,45,615,1401
0,L,46,606,1422
0,L,47,598,1443
0,L,48,588,1464
0,L,49,578,1485
0,L,50,568,1506
0,L,51,557,1527
0,L,52,546,1548
0,M,1,595,428
0,M,2,606,448
0,M,3,615,468
0,M,4,625,488
0,M,5,634,508
0,M,6,642,528
0,M,7,651,548
0,M,8,658,568
0,M,9,666,588
0,M,10,673,608
0,M,11,679,628
0,M,12,686,648
0,M,13,691,668
0,M,14,697,688
0,M,15,702,708
0,M,16,706,728
0,M,17,711,748
0,M,18,714,768
0,M,19,718,788
0,M,20,721,808
0,M,21,723,828
0,M,22,726,848
0,M,23,727,868
0,M,24,729,888
0,M,25,730,908
0,M,26,730,928
0,M,27,731,948
0,M,28,731,1023
0,M,29,730,1043
0,M,30,730,1063
0,M,31,729,1083
0,M,32,727,1103
0,M,33,726,1123
0,M,34,723,1143
0,M,35,721,1163
0,M,36,718,1183
0,M,37,714,1203
0,M,38,711,1223
0,M,39,706,1243
0,M,40,702,1263
0,M,41,697,1283
0,M,42,691,1303
0,M,43,686,1323
0,M,44,679,1343
0,M,45,673,1363
0,M,46,666,1383
0,M,47,658,1403
0,M,48,651,1423
0,M,49,642,1443
0,M,50,634,1463
0,M,51,625,1483
0,M,52,615,1503
0,M,53,606,1523
0,M,54,595,1543
0,N,1,629,416
0,N,2,639,435
0,N,3,649,454
0,N,4,658,473
0,N,5,667,492
0,N,6,675,511
0,N,7,683,530
0,N,8,691,549
0,N,9,699,568
0,N,10,706,587
0,N,11,712,606
0,N,12,718,625
0,N,13,724,644
0,N,14,730,663
0,N,15,735,682
0,N,16,740,701
0,N,17,745,720
0,N,18,749,739
0,N,19,753,758
0,N,20,756,777
0,N,21,759,796
0,N,22,762,815
0,N,23,764,834
0,N,24,766,853
0,N,25,768,872
0,N,26,769,891
0,N,27,770,910
0,N,28,770,929
0,N,29,771,948
0,N,30,771,1023
0,N,31,770,1042
0,N,32,770,1061
0,N,33,769,1080
0,N,34,768,1099
0,N,35,766,1118
0,N,36,764,1137
0,N,37,762,1156
0,N,38,759,1175
0,N,39,756,1194
0,N,40,753,1213
0,N,41,749,1232
0,N,42,745,1251
0,N,43,740,1270
0,N,44,735,1289
0,N,45,730,1308
0,N,46,724,1327
0,N,47,718,1346
0,N,48,712,1365
0,N,49,706,1384
0,N,50,699,1403
0,N,51,691,1422
0,N,52,683,1441
0,N,53,675,1460
0,N,54,667,1479
0,N,55,658,1498
0,N,56,649,1517
0,N,57,639,1536
0,N,58,629,1555
0,O,1,670,402
0,O,2,680,423
0,O,3,691,444
0,O,4,700,465
0,O,5,710,486
0,O,6,719,507
0,O,7,728,528
0,O,8,736,549
0,O,9,743,570
0,O,10,751,591
0,O,11,758,612
0,O,12,764,633
0,O,13,770,654
0,O,14,776,675
0,O,15,781,696
0,O,16,786,717
0,O,17,791,738
0,O,18,794,759
0,O,19,798,780
0,O,20,801,801
0,O,21,804,822
0,O,22,806,843
0,O,23,808,864
0,O,24,810,885
0,O,25,811,906
0,O,26,811,927
0,O,27,812,948
0,O,28,812,1023
0,O,29,811,1044
0,O,30,811,1065
0,O,31,810,1086
0,O,32,808,1107
0,O,33,806,1128
0,O,34,804,1149
0,O,35,801,1170
0,O,36,798,1191
0,O,37,794,1212
0,O,38,791,1233
0,O,39,786,1254
0,O,40,781,1275
0,O,41,776,1296
0,O,42,770,1317
0,O,43,764,1338
0,O,44,758,1359
0,O,45,751,1380
0,O,46,743,1401
0,O,47,736,1422
0,O,48,728,1443
0,O,49,719,1464
0,O,50,710,1485
0,O,51,700,1506
0,O,52,691,1527
0,O,53,680,1548
0,O,54,670,1569
0,P,1,706,381
0,P,2,716,402
0,P,3,727,423
0,P,4,736,444
0,P,5,746,465
0,P,6,755,486
0,P,7,763,507
0,P,8,772,528
0,P,9,779,549
0,P,10,787,570
0,P,11,794,591
0,P,12,800,612
0,P,13,807,633
0,P,14,812,654
0,P,15,818,675
0,P,16,823,696
0,P,17,827,717
0,P,18,832,738
0,P,19,835,759
0,P,20,839,780
0,P,21,842,801
0,P,22,844,822
0,P,23,847,843
0,P,24,848,864
0,P,25,850,885
0,P,26,851,906
0,P,27,851,927
0,P,28,852,948
0,P,29,852,1023
0,P,30,851,1043
0,P,31,851,1063
0,P,32,850,1083
0,P,33,849,1103
0,P,34,847,1123
0,P,35,845,1143
0,P,36,843,1163
0,P,37,840,1183
0,P,38,837,1203
0,P,39,834,1223
0,P,40,830,1243
0,P,41,826,1263
0,P,42,821,1283
0,P,43,816,1303
0,P,44,811,1323
0,P,45,805,1343
0,P,46,799,1363
0,Q,1,754,381
0,Q,2,764,402
0,Q,3,774,423
0,Q,4,783,444
0,Q,5,792,465
0,Q,6,801,486
0,Q,7,809,507
0,Q,8,817,528
0,Q,9,824,549
0,Q,10,831,570
0,Q,11,838,591
0,Q,12,844,612
0,Q,13,850,633
0,Q,14,855,654
0,Q,15,860,675
0,Q,16,865,696
0,Q,17,870,717
0,Q,18,874,738
0,Q,19,877,759
0,Q,20,880,780
0,Q,21,883,801
0,Q,22,886,822
0,Q,23,888,843
0,Q,24,889,864
0,Q,25,891,885
0,Q,26,892,906
0,Q,27,892,927
0,Q,28,893,948
0,Q,29,893,1023
0,Q,30,892,1044
0,Q,31,892,1065
0,Q,32,891,1086
0,Q,33,889,1107
0,Q,34,888,1128
0,Q,35,886,1149
0,Q,36,883,1170
0,Q,37,880,1191
0,Q,38,877,1212
0,Q,39,874,1233
0,Q,40,870,1254
0,Q,41,865,1275
0,Q,42,860,1296
0,Q,43,855,1317
0,Q,44,850,1338
0,Q,45,844,1359
0,Q,46,838,1380
0,R,1,788,359
0,R,2,798,378
0,R,3,806,397
0,R,4,815,416
0,R,5,823,435
0,R,6,831,454
0,R,7,839,473
0,R,8,846,492
0,R,9,853,511
0,R,10,860,530
0,R,11,866,549
0,R,12,873,568
0,R,13,878,587
0,R,14,884,606
0,R,15,889,625
0,R,16,894,644
0,R,17,899,663
0,R,18,903,682
0,R,19,907,701
0,R,20,911,720
0,R,21,914,739
0,R,22,918,758
0,R,23,920,777
0,R,24,923,796
0,R,25,925,815
0,R,26,927,834
0,R,27,929,853
0,R,28,930,872
0,R,29,931,891
0,R,30,932,910
0,R,31,932,929
0,R,32,933,948
0,R,33,933,1023
0,R,34,932,1043
0,R,35,932,1063
0,R,36,931,1083
0,R,37,930,1103
0,R,38,928,1123
0,R,39,926,1143
0,R,40,924,1163
0,R,41,922,1183
0,R,42,919,1203
0,R,43,916,1223
0,R,44,912,1243
0,R,45,908,1263
0,R,46,904,1283
0,R,47,899,1303
0,R,48,894,1323
0,R,49,889,1343
0,R,50,883,1363
0,R,51,877,1383
0,S,1,835,381
0,S,2,845,402
0,S,3,855,423
0,S,4,864,444
0,S,5,873,465
0,S,6,882,486
0,S,7,890,507
0,S,8,898,528
0,S,9,905,549
0,S,10,912,570
0,S,11,919,591
0,S,12,925,612
0,S,13,931,633
0,S,14,936,654
0,S,15,941,675
0,S,16,946,696
0,S,17,951,717
0,S,18,955,738
0,S,19,958,759
0,S,20,961,780
0,S,21,964,801
0,S,22,967,822
0,S,23,969,843
0,S,24,970,864
0,S,25,972,885
0,S,26,973,906
0,S,27,973,927
0,S,28,974,948
0,S,29,974,1023
0,S,30,973,1044
0,S,31,973,1065
0,S,32,972,1086
0,S,33,970,1107
0,S,34,969,1128
0,S,35,967,1149
0,S,36,964,1170
0,S,37,961,1191
0,S,38,958,1212
0,S,39,955,1233
0,S,40,951,1254
0,S,41,946,1275
0,S,42,941,1296
0,S,43,936,1317
0,S,44,931,1338
0,S,45,925,1359
0,S,46,919,1380
0,S,47,912,1401
0,T,1,879,368
0,T,2,888,388
0,T,3,897,408
0,T,4,905,428
0,T,5,914,448
0,T,6,921,468
0,T,7,929,488
0,T,8,936,508
0,T,9,943,528
0,T,10,950,548
0,T,11,956,568
0,T,12,962,588
0,T,13,967,608
0,T,14,973,628
0,T,15,978,648
0,T,16,982,668
0,T,17,986,688
0,T,18,990,708
0,T,19,994,728
0,T,20,998,748
0,T,21,1001,768
0,T,22,1003,788
0,T,23,1006,808
0,T,24,1008,828
0,T,25,1010,848
0,T,26,1011,868
0,T,27,1012,888
0,T,28,1013,908
0,T,29,1013,928
0,T,30,1014,948
0,T,31,1014,1023
0,T,32,1013,1043
0,T,33,1013,1063
0,T,34,1012,1083
0,T,35,1011,1103
0,T,36,1010,1123
0,T,37,1008,1143
0,T,38,1006,1163
0,T,39,1003,1183
0,T,40,1001,1203
0,T,41,998,1223
0,T,42,994,1243
0,T,43,990,1263
0,T,44,986,1283
0,T,45,982,1303
0,T,46,978,1323
0,T,47,973,1343
0,T,48,967,1363
0,T,49,962,1383
0,T,50,956,1403
0,T,51,950,1423
0,T,52,943,1443
0,T,53,936,1463
0,T,54,929,1483
0,T,55,921,1503
0,T,56,914,1523
0,T,57,905,1543
0,T,58,897,1563
0,T,59,888,1583
0,T,60,879,1603
0,U,1,929,360
0,U,2,938,381
0,U,3,946,402
0,U,4,955,423
0,U,5,962,444
0,U,6,970,465
0,U,7,977,486
0,U,8,984,507
0,U,9,991,528
0,U,10,997,549
0,U,11,1003,570
0,U,12,1008,591
0,U,13,1014,612
0,U,14,1019,633
0,U,15,1023,654
0,U,16,1027,675
0,U,17,1031,696
0,U,18,1035,717
0,U,19,1039,738
0,U,20,1042,759
0,U,21,1044,780
0,U,22,1047,801
0,U,23,1049,822
0,U,24,1051,843
0,U,25,1052,864
0,U,26,1053,885
0,U,27,1054,906
0,U,28,1054,927
0,U,29,1055,948
0,U,30,1055,1023
0,U,31,1054,1044
0,U,32,1054,1065
0,U,33,1053,1086
0,U,34,1052,1107
0,U,35,1051,1128
0,U,36,1049,1149
0,U,37,1047,1170
0,U,38,1044,1191
0,U,39,1042,1212
0,U,40,1039,1233
0,U,41,1035,1254
0,U,42,1031,1275
0,U,43,1027,1296
0,U,44,1023,1317
0,U,45,1019,1338
0,U,46,1014,1359
0,U,47,1008,1380
0,U,48,1003,1401
0,U,49,997,1422
0,U,50,991,1443
0,U,51,984,1464
0,U,52,977,1485
0,U,53,970,1506
0,U,54,962,1527
0,U,55,955,1548
0,U,56,946,1569
0,U,57,938,1590
0,U,58,929,1611
0,V,1,960,348
0,V,2,968,368
0,V,3,977,388
0,V,4,985,408
0,V,5,993,428
0,V,6,1001,448
0,V,7,1008,468
0,V,8,1015,488
0,V,9,1022,508
0,V,10,1028,528
0,V,11,1035,548
0,V,12,1040,568
0,V,13,1046,588
0,V,14,1051,608
0,V,15,1056,628
0,V,16,1061,648
0,V,17,1065,668
0,V,18,1069,688
0,V,19,1073,708
0,V,20,1076,728
0,V,21,1080,748
0,V,22,1082,768
0,V,23,1085,788
0,V,24,1087,808
0,V,25,1089,828
0,V,26,1091,848
0,V,27,1092,868
0,V,28,1093,888
0,V,29,1094,908
0,V,30,1094,928
0,V,31,1095,948
0,V,32,1095,1023
0,V,33,1094,1043
0,V,34,1094,1063
0,V,35,1093,1083
0,V,36,1092,1103
0,V,37,1091,1123
0,V,38,1089,1143
0,V,39,1087,1163
0,V,40,1085,1183
0,V,41,1082,1203
0,V,42,1080,1223
0,V,43,1076,1243
0,V,44,1073,1263
0,V,45,1069,1283
0,V,46,1065,1303
0,V,47,1061,1323
0,V,48,1056,1343
0,V,49,1051,1363
0,V,50,1046,1383
0,V,51,1040,1403
0,V,52,1035,1423
0,V,53,1028,1443
0,V,54,1022,1463
0,V,55,1015,1483
0,V,56,1008,1503
0,V,57,1001,1523
0,V,58,993,1543
0,V,59,985,1563
0,V,60,977,1583
0,V,61,968,1603
0,V,62,960,1623
0,W,1,1002,360
0,W,2,1012,381
0,W,3,1021,402
0,W,4,1029,423
0,W,5,1038,444
0,W,6,1046,465
0,W,7,1053,486
0,W,8,1061,507
0,W,9,1068,528
0,W,10,1074,549
0,W,11,1080,570
0,W,12,1086,591
0,W,13,1092,612
0,W,14,1097,633
0,W,15,1102,654
0,W,16,1107,675
0,W,17,1111,696
0,W,18,1115,717
0,W,19,1119,738
0,W,20,1122,759
0,W,21,1125,780
0,W,22,1127,801
0,W,23,1129,822
0,W,24,1131,843
0,W,25,1133,864
0,W,26,1134,885
0,W,27,1135,906
0,W,28,1135,927
0,W,29,1136,948
0,W,30,1136,1023
0,W,31,1135,1044
0,W,32,1135,1065
0,W,33,1134,1086
0,W,34,1133,1107
0,W,35,1131,1128
0,W,36,1129,1149
0,W,37,1127,1170
0,W,38,1125,1191
0,W,39,1122,1212
0,W,40,1119,1233
0,W,41,1115,1254
0,W,42,1111,1275
0,W,43,1107,1296
0,W,44,1102,1317
0,W,45,1097,1338
0,W,46,1092,1359
0,W,47,1086,1380
0,W,48,1080,1401
0,W,49,1074,1422
0,W,50,1068,1443
0,W,51,1061,1464
0,W,52,1053,1485
0,W,53,1046,1506
0,W,54,1038,1527
0,W,55,1029,1548
0,W,56,1021,1569
0,W,57,1012,1590
0,W,58,1002,1611
0,X,1,1050,360
0,X,2,1059,381
0,X,3,1067,402
0,X,4,1076,423
0,X,5,1083,444
0,X,6,1091,465
0,X,7,1098,486
0,X,8,1105,507
0,X,9,1112,528
0,X,10,1118,549
0,X,11,1124,570
0,X,12,1129,591
0,X,13,1135,612
0,X,14,1140,633
0,X,15,1144,654
0,X,16,1148,675
0,X,17,1152,696
0,X,18,1156,717
0,X,19,1160,738
0,X,20,1163,759
0,X,21,1165,780
0,X,22,1168,801
0,X,23,1170,822
0,X,24,1172,843
0,X,25,1173,864
0,X,26,1174,885
0,X,27,1175,906
0,X,28,1175,927
0,X,29,1176,948
0,X,30,1176,1023
0,X,31,1175,1044
0,X,32,1175,1065
0,X,33,1174,1086
0,X,34,1173,1107
0,X,35,1172,1128
0,X,36,1170,1149
0,X,37,1168,1170
0,X,38,1165,1191
0,X,39,1163,1212
0,X,40,1160,1233
0,X,41,1156,1254
0,X,42,1152,1275
0,X,43,1148,1296
0,X,44,1144,1317
0,X,45,1140,1338
0,X,46,1135,1359
0,X,47,1129,1380
0,X,48,1124,1401
0,X,49,1118,1422
0,X,50,1112,1443
0,X,51,1105,1464
0,X,52,1098,1485
0,X,53,1091,1506
0,X,54,1083,1527
0,X,55,1076,1548
0,X,56,1067,1569
0,X,57,1059,1590
0,X,58,1050,1611
0,Y,1,1099,360
0,Y,2,1107,381
0,Y,3,1115,402
0,Y,4,1123,423
0,Y,5,1130,444
0,Y,6,1137,465
0,Y,7,1144,486
0,Y,8,1150,507
0,Y,9,1157,528
0,Y,10,1162,549
0,Y,11,1168,570
0,Y,12,1173,591
0,Y,13,1178,612
0,Y,14,1183,633
0,Y,15,1187,654
0,Y,16,1191,675
0,Y,17,1195,696
0,Y,18,1198,717
0,Y,19,1202,738
0,Y,20,1204,759
0,Y,21,1207,780
0,Y,22,1209,801
0,Y,23,1211,822
0,Y,24,1213,843
0,Y,25,1214,864
0,Y,26,1215,885
0,Y,27,1216,906
0,Y,28,1216,927
0,Y,29,1217,948
0,Y,30,1217,1023
0,Y,31,1216,1044
0,Y,32,1216,1065
0,Y,33,1215,1086
0,Y,34,1214,1107
0,Y,35,1213,1128
0,Y,36,1211,1149
0,Y,37,1209,1170
0,Y,38,1207,1191
0,Y,39,1204,1212
0,Y,40,1202,1233
0,Y,41,1198,1254
0,Y,42,1195,1275
0,Y,43,1191,1296
0,Y,44,1187,1317
0,Y,45,1183,1338
0,Y,46,1178,1359
0,Y,47,1173,1380
0,Y,48,1168,1401
0,Y,49,1162,1422
0,Y,50,1157,1443
0,Y,51,1150,1464
0,Y,52,1144,1485
0,Y,53,1137,1506
0,Y,54,1130,1527
0,Y,55,1123,1548
0,Y,56,1115,1569
0,Y,57,1107,1590
0,Y,58,1099,1611
0,Z,1,1139,352
0,Z,2,1147,372
0,Z,3,1155,392
0,Z,4,1163,412
0,Z,5,1170,432
0,Z,6,1177,452
0,Z,7,1184,472
0,Z,8,1190,492
0,Z,9,1197,512
0,Z,10,1202,532
0,Z,11,1208,552
0,Z,12,1213,572
0,Z,13,1218,592
0,Z,14,1223,612
0,Z,15,1227,632
0,Z,16,1231,652
0,Z,17,1235,672
0,Z,18,1238,692
0,Z,19,1242,712
0,Z,20,1244,732
0,Z,21,1247,752
0,Z,22,1249,772
0,Z,23,1251,792
0,Z,24,1253,812
0,Z,25,1254,832
0,Z,26,1255,852
0,Z,27,1256,872
0,Z,28,1256,892
0,Z,29,1257,912
0,Z,30,1257,1059
0,Z,31,1256,1079
0,Z,32,1256,1099
0,Z,33,1255,1119
0,Z,34,1254,1139
0,Z,35,1253,1159
0,Z,36,1251,1179
0,Z,37,1249,1199
0,Z,38,1247,1219
0,Z,39,1244,1239
0,Z,40,1242,1259
0,Z,41,1238,1279
0,Z,42,1235,1299
0,Z,43,1231,1319
0,Z,44,1227,1339
0,Z,45,1223,1359
0,Z,46,1218,1379
0,Z,47,1213,1399
0,Z,48,1208,1419
0,Z,49,1202,1439
0,Z,50,1197,1459
0,Z,51,1190,1479
0,Z,52,1184,1499
0,Z,53,1177,1519
0,Z,54,1170,1539
0,Z,55,1163,1559
0,Z,56,1155,1579
0,Z,57,1147,1599
0,Z,58,1139,1619
1,A,1,1505,340
1,A,2,1513,360
1,A,3,1521,380
1,A,4,1529,400
1,A,5,1536,420
1,A,6,1543,440
1,A,7,1550,460
1,A,8,1557,480
1,B,1,1544,340
1,B,2,1552,360
1,B,3,1559,380
1,B,4,1567,400
1,B,5,1574,420
1,B,6,1581,440
1,B,7,1587,460
1,B,8,1594,480
1,C,1,1583,340
1,C,2,1590,360
1,C,3,1597,380
1,C,4,1604,400
1,C,5,1611,420
1,C,6,1618,440
1,C,7,1624,460
1,C,8,1631,480
1,D,1,1620,340
1,D,2,1627,360
1,D,3,1634,380
1,D,4,1641,400
1,D,5,1648,420
1,D,6,1654,440
1,D,7,1660,460
1,D,8,1667,480
1,E,1,1654,340
1,E,2,1661,360
1,E,3,1668,380
1,E,4,1675,400
1,E,5,1682,420
1,E,6,1688,440
1,E,7,1694,460
1,E,8,1701,480
1,F,1,1703,340
1,F,2,1714,366
1,F,3,1724,392
1,F,4,1733,418
1,F,5,1741,444
1,F,6,1746,470
1,H,1,1865,351
1,H,2,1871,370
1,H,3,1877,389
1,H,4,1882,408
1,H,5,1888,427
1,H,6,1893,446
1,H,7,1899,465
1,H,8,1904,484
1,I,1,1900,351
1,I,2,1906,370
1,I,3,1912,389
1,I,4,1917,408
1,I,5,1923,427
1,I,6,1928,446
1,I,7,1934,465
1,I,8,1939,484
1,J,1,1941,358
1,J,2,1947,379
1,J,3,1952,400
1,J,4,1958,421
1,J,5,1963,442
1,J,6,1969,463
1,J,7,1974,484
1,K,1,1976,358
1,K,2,1982,379
1,K,3,1987,400
1,K,4,1993,421
1,K,5,1998,442
1,K,6,2004,463
1,K,7,2009,484
1,L,1,2011,364
1,L,2,2017,384
1,L,3,2022,404
1,L,4,2028,424
1,L,5,2033,444
1,L,6,2038,464
1,L,7,2044,484
2,A,1,1582,552
2,A,2,1587,571
2,A,3,1593,590
2,A,4,1598,609
2,A,5,1602,628
2,A,6,1607,647
2,A,7,1611,666
2,A,8,1615,685
2,A,9,1618,704
2,A,10,1621,723
2,A,11,1624,742
2,A,12,1626,761
2,A,13,1627,780
2,B,1,1618,552
2,B,2,1623,571
2,B,3,1628,590
2,B,4,1633,609
2,B,5,1638,628
2,B,6,1642,647
2,B,7,1646,666
2,B,8,1650,685
2,B,9,1653,704
2,B,10,1656,723
2,B,11,1659,742
2,B,12,1661,761
2,B,13,1662,780
2,C,1,1654,552
2,C,2,1659,571
2,C,3,1664,590
2,C,4,1669,609
2,C,5,1673,628
2,C,6,1678,647
2,C,7,1682,666
2,C,8,1685,685
2,C,9,1688,704
2,C,10,1691,723
2,C,11,1694,742
2,C,12,1696,761
2,C,13,1697,780
2,D,1,1689,552
2,D,2,1694,571
2,D,3,1699,590
2,D,4,1704,609
2,D,5,1708,628
2,D,6,1712,647
2,D,7,1716,666
2,D,8,1719,685
2,D,9,1723,704
2,D,10,1725,723
2,D,11,1728,742
2,D,12,1730,761
2,D,13,1731,780
2,E,1,1723,552
2,E,2,1728,571
2,E,3,1733,590
2,E,4,1738,609
2,E,5,1742,628
2,E,6,1746,647
2,E,7,1750,666
2,E,8,1753,685
2,E,9,1757,704
2,E,10,1759,723
2,E,11,1762,742
2,E,12,1764,761
2,E,13,1765,780
2,F,1,1759,551
2,F,2,1765,572
2,F,3,1770,593
2,F,4,1774,614
2,F,5,1779,635
2,F,6,1783,656
2,F,7,1787,677
2,F,8,1790,698
2,F,9,1793,719
2,F,10,1796,740
2,F,11,1798,761
2,F,12,1799,782
2,G,1,1793,551
2,G,2,1799,572
2,G,3,1804,593
2,G,4,1808,614
2,G,5,1813,635
2,G,6,1817,656
2,G,7,1821,677
2,G,8,1824,698
2,G,9,1827,719
2,G,10,1830,740
2,G,11,1832,761
2,G,12,1833,782
2,H,0,1923,554
2,H,1,1927,573
2,H,2,1931,592
2,H,3,1935,611
2,H,4,1939,630
2,H,5,1943,649
2,H,6,1946,668
2,H,7,1949,687
2,H,8,1952,706
2,H,9,1955,725
2,H,10,1957,744
2,H,11,1959,763
2,H,12,1960,782
2,I,0,1958,554
2,I,1,1962,573
2,I,2,1966,592
2,I,3,1970,611
2,I,4,1974,630
2,I,5,1978,649
2,I,6,1981,668
2,I,7,1984,687
2,I,8,1987,706
2,I,9,1990,725
2,I,10,1992,744
2,I,11,1994,763
2,I,12,1995,782
2,J,0,1993,554
2,J,1,1997,573
2,J,2,2001,592
2,J,3,2005,611
2,J,4,2009,630
2,J,5,2013,649
2,J,6,2016,668
2,J,7,2019,687
2,J,8,2022,706
2,J,9,2025,725
2,J,10,2027,744
2,J,11,2029,763
2,J,12,2030,782
2,K,0,2028,554
2,K,1,2032,573
2,K,2,2036,592
2,K,3,2040,611
2,K,4,2044,630
2,K,5,2048,649
2,K,6,2051,668
2,K,7,2054,687
2,K,8,2057,706
2,K,9,2060,725
2,K,10,2062,744
2,K,11,2064,763
2,K,12,2065,782
2,L,0,2063,554
2,L,1,2067,573
2,L,2,2071,592
2,L,3,2075,611
2,L,4,2079,630
2,L,5,2083,649
2,L,6,2086,668
2,L,7,2089,687
2,L,8,2092,706
2,L,9,2095,725
2,L,10,2097,744
2,L,11,2099,763
2,L,12,2100,782
3,A,1,1633,855
3,A,2,1634,875
3,A,3,1636,895
3,A,4,1637,915
3,A,5,1638,935
3,A,6,1639,955
3,A,7,1641,975
3,A,8,1642,995
3,A,9,1641,1015
3,A,10,1639,1035
3,A,11,1638,1055
3,A,12,1637,1075
3,A,13,1636,1095
3,A,14,1634,1115
3,B,1,1669,855
3,B,2,1670,875
3,B,3,1672,895
3,B,4,1673,915
3,B,5,1674,935
3,B,6,1675,955
3,B,7,1677,975
3,B,8,1678,995
3,B,9,1677,1015
3,B,10,1675,1035
3,B,11,1674,1055
3,B,12,1673,1075
3,B,13,1672,1095
3,B,14,1670,1115
3,C,1,1703,855
3,C,2,1704,875
3,C,3,1706,895
3,C,4,1707,915
3,C,5,1708,935
3,C,6,1709,955
3,C,7,1711,975
3,C,8,1712,995
3,C,9,1711,1015
3,C,10,1709,1035
3,C,11,1708,1055
3,C,12,1707,1075
3,C,13,1706,1095
3,C,14,1704,1115
3,D,1,1737,855
3,D,2,1738,875
3,D,3,1740,895
3,D,4,1741,915
3,D,5,1742,935
3,D,6,1743,955
3,D,7,1745,975
3,D,8,1746,995
3,D,9,1745,1015
3,D,10,1743,1035
3,D,11,1742,1055
3,D,12,1741,1075
3,D,13,1740,1095
3,D,14,1738,1115
3,E,1,1769,855
3,E,2,1770,875
3,E,3,1772,895
3,E,4,1773,915
3,E,5,1774,935
3,E,6,1775,955
3,E,7,1777,975
3,E,8,1778,995
3,E,9,1777,1015
3,E,10,1775,1035
3,E,11,1774,1055
3,E,12,1773,1075
3,E,13,1772,1095
3,E,14,1770,1115
3,F,1,1825,865
3,F,2,1826,899
3,F,3,1827,933
3,F,4,1829,967
3,F,5,1830,1001
3,F,6,1829,1035
3,F,7,1827,1069
3,F,8,1826,1103
3,H,1,1966,855
3,H,2,1967,875
3,H,3,1969,895
3,H,4,1970,915
3,H,5,1971,935
3,H,6,1972,955
3,H,7,1974,975
3,H,8,1975,995
3,H,9,1974,1015
3,H,10,1972,1035
3,H,11,1971,1055
3,H,12,1970,1075
3,H,13,1969,1095
3,H,14,1967,1115
3,I,1,2001,855
3,I,2,2002,875
3,I,3,2004,895
3,I,4,2005,915
3,I,5,2006,935
3,I,6,2007,955
3,I,7,2009,975
3,I,8,2010,995
3,I,9,2009,1015
3,I,10,2007,1035
3,I,11,2006,1055
3,I,12,2005,1075
3,I,13,2004,1095
3,I,14,2002,1115
3,J,1,2036,855
3,J,2,2037,875
3,J,3,2039,895
3,J,4,2040,915
3,J,5,2041,935
3,J,6,2042,955
3,J,7,2044,975
3,J,8,2045,995
3,J,9,2044,1015
3,J,10,2042,1035
3,J,11,2041,1055
3,J,12,2040,1075
3,J,13,2039,1095
3,J,14,2037,1115
3,K,1,2071,855
3,K,2,2072,875
3,K,3,2074,895
3,K,4,2075,915
3,K,5,2076,935
3,K,6,2077,955
3,K,7,2079,975
3,K,8,2080,995
3,K,9,2079,1015
3,K,10,2077,1035
3,K,11,2076,1055
3,K,12,2075,1075
3,K,13,2074,1095
3,K,14,2072,1115
3,L,1,2101,855
3,L,2,2102,875
3,L,3,2104,895
3,L,4,2105,915
3,L,5,2106,935
3,L,6,2107,955
3,L,7,2109,975
3,L,8,2110,995
3,L,9,2109,1015
3,L,10,2107,1035
3,L,11,2106,1055
3,L,12,2105,1075
3,L,13,2104,1095
3,L,14,2102,1115
3,L,15,2103,1137
3,L,16,2101,1158
3,L,17,2099,1179
3,L,18,2096,1200
3,L,19,2094,1221
3,L,20,2091,1242
4,A,1,1627,1190
4,A,2,1626,1209
4,A,3,1624,1228
4,A,4,1621,1247
4,A,5,1618,1266
4,A,6,1615,1285
4,A,7,1611,1304
4,A,8,1607,1323
4,A,9,1602,1342
4,A,10,1598,1361
4,A,11,1593,1380
4,A,12,1587,1399
4,A,13,1582,1418
4,B,1,1662,1190
4,B,2,1661,1209
4,B,3,1659,1228
4,B,4,1656,1247
4,B,5,1653,1266
4,B,6,1650,1285
4,B,7,1646,1304
4,B,8,1642,1323
4,B,9,1638,1342
4,B,10,1633,1361
4,B,11,1628,1380
4,B,12,1623,1399
4,B,13,1618,1418
4,C,1,1697,1190
4,C,2,1696,1209
4,C,3,1694,1228
4,C,4,1691,1247
4,C,5,1688,1266
4,C,6,1685,1285
4,C,7,1682,1304
4,C,8,1678,1323
4,C,9,1673,1342
4,C,10,1669,1361
4,C,11,1664,1380
4,C,12,1659,1399
4,C,13,1654,1418
4,D,1,1731,1190
4,D,2,1730,1209
4,D,3,1728,1228
4,D,4,1725,1247
4,D,5,1723,1266
4,D,6,1719,1285
4,D,7,1716,1304
4,D,8,1712,1323
4,D,9,1708,1342
4,D,10,1704,1361
4,D,11,1699,1380
4,D,12,1694,1399
4,D,13,1689,1418
4,E,1,1765,1190
4,E,2,1764,1209
4,E,3,1762,1228
4,E,4,1759,1247
4,E,5,1757,1266
4,E,6,1753,1285
4,E,7,1750,1304
4,E,8,1746,1323
4,E,9,1742,1342
4,E,10,1738,1361
4,E,11,1733,1380
4,E,12,1728,1399
4,E,13,1723,1418
4,F,1,1799,1190
4,F,2,1798,1211
4,F,3,1796,1232
4,F,4,1793,1253
4,F,5,1790,1274
4,F,6,1787,1295
4,F,7,1783,1316
4,F,8,1779,1337
4,F,9,1774,1358
4,F,10,1770,1379
4,F,11,1765,1400
4,F,12,1759,1421
4,G,1,1833,1190
4,G,2,1832,1211
4,G,3,1830,1232
4,G,4,1827,1253
4,G,5,1824,1274
4,G,6,1821,1295
4,G,7,1817,1316
4,G,8,1813,1337
4,G,9,1808,1358
4,G,10,1804,1379
4,G,11,1799,1400
4,G,12,1793,1421
4,H,1,1950,1264
4,H,2,1949,1283
4,H,3,1947,1302
4,H,4,1944,1321
4,H,5,1942,1340
4,H,6,1938,1359
4,H,7,1935,1378
4,H,8,1931,1397
4,H,9,1927,1416
4,I,1,1985,1264
4,I,2,1984,1283
4,I,3,1982,1302
4,I,4,1979,1321
4,I,5,1977,1340
4,I,6,1973,1359
4,I,7,1970,1378
4,I,8,1966,1397
4,I,9,1962,1416
4,J,1,2020,1264
4,J,2,2019,1283
4,J,3,2017,1302
4,J,4,2014,1321
4,J,5,2012,1340
4,J,6,2008,1359
4,J,7,2005,1378
4,J,8,2001,1397
4,J,9,1997,1416
4,K,1,2055,1264
4,K,2,2054,1283
4,K,3,2052,1302
4,K,4,2049,1321
4,K,5,2047,1340
4,K,6,2043,1359
4,K,7,2040,1378
4,K,8,2036,1397
4,K,9,2032,1416
4,L,1,2090,1264
4,L,2,2089,1283
4,L,3,2087,1302
4,L,4,2084,1321
4,L,5,2082,1340
4,L,6,2078,1359
4,L,7,2075,1378
4,L,8,2071,1397
4,L,9,2067,1416
5,A,1,1557,1490
5,A,2,1550,1510
5,A,3,1543,1530
5,A,4,1536,1550
5,A,5,1529,1570
5,A,6,1521,1590
5,A,7,1513,1610
5,A,8,1505,1630
5,B,1,1594,1490
5,B,2,1587,1510
5,B,3,1581,1530
5,B,4,1574,1550
5,B,5,1567,1570
5,B,6,1559,1590
5,B,7,1552,1610
5,B,8,1544,1630
5,C,1,1631,1490
5,C,2,1624,1510
5,C,3,1618,1530
5,C,4,1611,1550
5,C,5,1604,1570
5,C,6,1597,1590
5,C,7,1590,1610
5,C,8,1583,1630
5,D,1,1667,1490
5,D,2,1660,1510
5,D,3,1654,1530
5,D,4,1648,1550
5,D,5,1641,1570
5,D,6,1634,1590
5,D,7,1627,1610
5,D,8,1620,1630
5,E,1,1701,1490
5,E,2,1694,1510
5,E,3,1688,1530
5,E,4,1682,1550
5,E,5,1675,1570
5,E,6,1668,1590
5,E,7,1661,1610
5,E,8,1654,1630
5,F,1,1746,1502
5,F,2,1741,1528
5,F,3,1733,1554
5,F,4,1724,1580
5,F,5,1714,1606
5,F,6,1703,1632
5,H,1,1908,1486
5,H,2,1903,1505
5,H,3,1897,1524
5,H,4,1891,1543
5,H,5,1886,1562
5,H,6,1879,1581
5,H,7,1873,1600
5,H,8,1867,1619
5,I,1,1943,1486
5,I,2,1938,1505
5,I,3,1932,1524
5,I,4,1926,1543
5,I,5,1921,1562
5,I,6,1914,1581
5,I,7,1908,1600
5,I,8,1902,1619
5,J,1,1978,1486
5,J,2,1973,1507
5,J,3,1967,1528
5,J,4,1961,1549
5,J,5,1956,1570
5,J,6,1949,1591
5,J,7,1943,1612
5,K,1,2013,1486
5,K,2,2008,1507
5,K,3,2002,1528
5,K,4,1996,1549
5,K,5,1991,1570
5,K,6,1984,1591
5,K,7,1978,1612
5,L,1,2048,1486
5,L,2,2043,1506
5,L,3,2037,1526
5,L,4,2031,1546
5,L,5,2026,1566
5,L,6,2019,1586
5,L,7,2013,1606